              precision    recall  f1-score   support

           0      0.195     0.460     0.274        50
           1      0.128     0.220     0.162        50
           2      0.500     0.200     0.286        50
           3      0.198     0.400     0.265        50
           4      0.000     0.000     0.000        50
           5      0.100     0.020     0.033        50
           6      0.133     0.040     0.062        50
           7      0.167     0.080     0.108        50
           8      0.125     0.020     0.034        50
           9      0.077     0.020     0.032        50
          10      0.143     0.240     0.179        50
          11      0.292     0.420     0.344        50
          12      0.071     0.080     0.075        50
          13      0.051     0.040     0.045        50
          14      0.157     0.580     0.247        50
          15      0.155     0.180     0.167        50
          16      0.143     0.060     0.085        50
          17      0.101     0.380     0.160        50
          18      0.053     0.040     0.045        50
          19      0.107     0.260     0.152        50
          20      0.131     0.220     0.164        50
          21      0.114     0.400     0.177        50
          22      0.214     0.060     0.094        50
          23      0.056     0.040     0.047        50
          24      0.083     0.400     0.138        50
          25      0.365     0.380     0.373        50
          26      0.000     0.000     0.000        50
          27      0.192     0.200     0.196        50
          28      0.092     0.140     0.111        50
          29      0.125     0.220     0.159        50
          30      0.000     0.000     0.000        50
          31      0.162     0.120     0.138        50
          32      0.000     0.000     0.000        50
          33      0.050     0.040     0.044        50
          34      0.116     0.200     0.147        50
          35      0.094     0.060     0.073        50
          36      0.000     0.000     0.000        50
          37      0.296     0.160     0.208        50
          38      0.167     0.040     0.065        50
          39      0.000     0.000     0.000        50
          40      0.125     0.020     0.034        50
          41      0.179     0.140     0.157        50
          42      0.154     0.080     0.105        50
          43      0.000     0.000     0.000        50
          44      0.071     0.020     0.031        50
          45      0.082     0.140     0.104        50
          46      0.049     0.080     0.061        50
          47      0.068     0.100     0.081        50
          48      0.077     0.120     0.094        50
          49      0.125     0.020     0.034        50
          50      0.060     0.080     0.068        50
          51      0.050     0.040     0.044        50
          52      0.060     0.080     0.068        50
          53      0.143     0.060     0.085        50
          54      0.000     0.000     0.000        50
          55      0.140     0.160     0.150        50
          56      0.154     0.080     0.105        50
          57      0.103     0.080     0.090        50
          58      0.000     0.000     0.000        50
          59      0.276     0.160     0.203        50
          60      0.000     0.000     0.000        50
          61      0.167     0.020     0.036        50
          62      0.000     0.000     0.000        50
          63      0.000     0.000     0.000        50
          64      0.170     0.180     0.175        50
          65      0.214     0.060     0.094        50
          66      0.060     0.100     0.075        50
          67      0.250     0.020     0.037        50
          68      0.000     0.000     0.000        50
          69      0.036     0.060     0.045        50
          70      0.160     0.080     0.107        50
          71      0.000     0.000     0.000        50
          72      0.217     0.360     0.271        50
          73      0.081     0.060     0.069        50
          74      0.102     0.200     0.135        50
          75      0.194     0.120     0.148        50
          76      0.040     0.020     0.027        50
          77      0.333     0.040     0.071        50
          78      0.100     0.200     0.133        50
          79      0.128     0.100     0.112        50
          80      0.171     0.260     0.206        50
          81      0.096     0.160     0.120        50
          82      0.111     0.020     0.034        50
          83      0.162     0.220     0.186        50
          84      0.136     0.180     0.155        50
          85      0.069     0.040     0.051        50
          86      0.058     0.060     0.059        50
          87      0.157     0.500     0.239        50
          88      0.147     0.340     0.205        50
          89      0.158     0.320     0.212        50
          90      0.287     0.700     0.407        50
          91      0.151     0.320     0.205        50
          92      0.077     0.420     0.131        50
          93      0.000     0.000     0.000        50
          94      0.152     0.240     0.186        50
          95      0.200     0.520     0.289        50
          96      0.395     0.340     0.366        50
          97      0.192     0.100     0.132        50
          98      0.273     0.360     0.310        50
          99      0.042     0.020     0.027        50
         100      0.217     0.400     0.282        50
         101      0.164     0.220     0.188        50
         102      0.103     0.580     0.175        50
         103      0.300     0.180     0.225        50
         104      0.000     0.000     0.000        50
         105      0.196     0.380     0.259        50
         106      0.107     0.060     0.077        50
         107      0.255     0.520     0.342        50
         108      0.129     0.080     0.099        50
         109      0.250     0.400     0.308        50
         110      0.185     0.100     0.130        50
         111      0.229     0.440     0.301        50
         112      0.000     0.000     0.000        50
         113      0.286     0.040     0.070        50
         114      0.286     0.040     0.070        50
         115      0.094     0.200     0.128        50
         116      0.015     0.020     0.017        50
         117      0.045     0.140     0.069        50
         118      0.222     0.080     0.118        50
         119      0.030     0.020     0.024        50
         120      0.143     0.140     0.141        50
         121      0.074     0.040     0.052        50
         122      0.167     0.120     0.140        50
         123      0.200     0.120     0.150        50
         124      0.000     0.000     0.000        50
         125      0.143     0.020     0.035        50
         126      0.016     0.020     0.018        50
         127      0.169     0.220     0.191        50
         128      0.000     0.000     0.000        50
         129      0.149     0.260     0.190        50
         130      0.267     0.400     0.320        50
         131      0.160     0.400     0.229        50
         132      0.092     0.180     0.122        50
         133      0.125     0.060     0.081        50
         134      0.250     0.020     0.037        50
         135      0.145     0.200     0.168        50
         136      0.216     0.440     0.289        50
         137      0.094     0.240     0.135        50
         138      0.094     0.280     0.141        50
         139      0.142     0.300     0.192        50
         140      0.157     0.160     0.158        50
         141      0.059     0.260     0.096        50
         142      0.106     0.180     0.133        50
         143      0.182     0.200     0.190        50
         144      0.103     0.060     0.076        50
         145      0.224     0.380     0.281        50
         146      0.031     0.040     0.035        50
         147      0.188     0.700     0.297        50
         148      0.160     0.160     0.160        50
         149      0.321     0.520     0.397        50
         150      0.222     0.080     0.118        50
         151      0.000     0.000     0.000        50
         152      0.182     0.160     0.170        50
         153      0.130     0.120     0.125        50
         154      0.000     0.000     0.000        50
         155      0.000     0.000     0.000        50
         156      0.058     0.240     0.094        50
         157      0.116     0.160     0.134        50
         158      0.000     0.000     0.000        50
         159      0.083     0.040     0.054        50
         160      0.167     0.020     0.036        50
         161      0.070     0.200     0.104        50
         162      0.000     0.000     0.000        50
         163      0.111     0.100     0.105        50
         164      0.053     0.020     0.029        50
         165      0.000     0.000     0.000        50
         166      0.167     0.040     0.065        50
         167      0.500     0.020     0.038        50
         168      0.000     0.000     0.000        50
         169      0.062     0.140     0.086        50
         170      0.083     0.020     0.032        50
         171      0.000     0.000     0.000        50
         172      0.115     0.180     0.141        50
         173      0.026     0.020     0.022        50
         174      0.082     0.180     0.113        50
         175      0.000     0.000     0.000        50
         176      0.061     0.080     0.069        50
         177      0.206     0.140     0.167        50
         178      0.053     0.020     0.029        50
         179      0.333     0.060     0.102        50
         180      0.000     0.000     0.000        50
         181      0.083     0.040     0.054        50
         182      0.000     0.000     0.000        50
         183      0.094     0.240     0.136        50
         184      0.043     0.020     0.027        50
         185      0.000     0.000     0.000        50
         186      0.000     0.000     0.000        50
         187      0.024     0.060     0.034        50
         188      0.222     0.040     0.068        50
         189      0.000     0.000     0.000        50
         190      0.364     0.080     0.131        50
         191      0.000     0.000     0.000        50
         192      0.000     0.000     0.000        50
         193      0.250     0.020     0.037        50
         194      0.055     0.060     0.057        50
         195      0.061     0.120     0.081        50
         196      0.100     0.100     0.100        50
         197      0.000     0.000     0.000        50
         198      0.000     0.000     0.000        50
         199      0.000     0.000     0.000        50
         200      0.000     0.000     0.000        50
         201      0.162     0.120     0.138        50
         202      0.064     0.060     0.062        50
         203      0.051     0.040     0.045        50
         204      0.167     0.020     0.036        50
         205      0.109     0.120     0.114        50
         206      0.035     0.080     0.048        50
         207      0.059     0.020     0.030        50
         208      0.000     0.000     0.000        50
         209      0.000     0.000     0.000        50
         210      0.069     0.140     0.092        50
         211      0.024     0.020     0.022        50
         212      0.143     0.020     0.035        50
         213      0.204     0.220     0.212        50
         214      0.119     0.100     0.109        50
         215      0.021     0.020     0.020        50
         216      0.149     0.200     0.171        50
         217      0.059     0.020     0.030        50
         218      0.151     0.220     0.179        50
         219      0.000     0.000     0.000        50
         220      0.091     0.080     0.085        50
         221      0.176     0.180     0.178        50
         222      0.000     0.000     0.000        50
         223      0.133     0.040     0.062        50
         224      0.194     0.140     0.163        50
         225      0.300     0.060     0.100        50
         226      0.067     0.020     0.031        50
         227      0.094     0.060     0.073        50
         228      0.135     0.100     0.115        50
         229      0.273     0.060     0.098        50
         230      0.076     0.100     0.086        50
         231      0.000     0.000     0.000        50
         232      0.090     0.280     0.136        50
         233      0.000     0.000     0.000        50
         234      0.214     0.180     0.196        50
         235      0.100     0.220     0.138        50
         236      0.067     0.060     0.063        50
         237      0.211     0.080     0.116        50
         238      0.000     0.000     0.000        50
         239      0.127     0.180     0.149        50
         240      0.083     0.060     0.070        50
         241      0.188     0.120     0.146        50
         242      0.143     0.040     0.062        50
         243      0.000     0.000     0.000        50
         244      0.200     0.140     0.165        50
         245      0.000     0.000     0.000        50
         246      0.083     0.020     0.032        50
         247      0.065     0.040     0.049        50
         248      0.000     0.000     0.000        50
         249      0.000     0.000     0.000        50
         250      0.089     0.100     0.094        50
         251      0.078     0.240     0.118        50
         252      0.125     0.040     0.061        50
         253      0.107     0.160     0.128        50
         254      0.067     0.020     0.031        50
         255      0.315     0.560     0.403        50
         256      0.000     0.000     0.000        50
         257      0.000     0.000     0.000        50
         258      0.162     0.220     0.186        50
         259      0.093     0.180     0.122        50
         260      0.000     0.000     0.000        50
         261      0.103     0.160     0.125        50
         262      0.333     0.020     0.038        50
         263      0.056     0.040     0.047        50
         264      0.000     0.000     0.000        50
         265      0.000     0.000     0.000        50
         266      0.500     0.020     0.038        50
         267      0.000     0.000     0.000        50
         268      0.250     0.020     0.037        50
         269      0.091     0.020     0.033        50
         270      0.098     0.180     0.127        50
         271      0.125     0.040     0.061        50
         272      0.000     0.000     0.000        50
         273      0.085     0.100     0.092        50
         274      0.059     0.020     0.030        50
         275      0.214     0.300     0.250        50
         276      0.118     0.040     0.060        50
         277      0.093     0.080     0.086        50
         278      0.063     0.240     0.100        50
         279      0.128     0.300     0.180        50
         280      0.068     0.060     0.064        50
         281      0.091     0.040     0.056        50
         282      0.000     0.000     0.000        50
         283      0.094     0.120     0.105        50
         284      0.263     0.100     0.145        50
         285      0.000     0.000     0.000        50
         286      0.214     0.060     0.094        50
         287      0.111     0.060     0.078        50
         288      0.148     0.240     0.183        50
         289      0.083     0.280     0.128        50
         290      0.157     0.160     0.158        50
         291      0.083     0.120     0.098        50
         292      0.129     0.160     0.143        50
         293      0.182     0.080     0.111        50
         294      0.161     0.200     0.179        50
         295      0.088     0.320     0.138        50
         296      0.152     0.280     0.197        50
         297      0.160     0.300     0.208        50
         298      0.070     0.060     0.065        50
         299      0.105     0.180     0.132        50
         300      0.292     0.380     0.330        50
         301      0.163     0.140     0.151        50
         302      0.143     0.040     0.062        50
         303      0.000     0.000     0.000        50
         304      0.122     0.120     0.121        50
         305      0.467     0.140     0.215        50
         306      0.087     0.080     0.083        50
         307      0.092     0.220     0.129        50
         308      0.000     0.000     0.000        50
         309      0.417     0.100     0.161        50
         310      0.000     0.000     0.000        50
         311      0.000     0.000     0.000        50
         312      0.125     0.020     0.034        50
         313      0.077     0.020     0.032        50
         314      0.000     0.000     0.000        50
         315      0.000     0.000     0.000        50
         316      0.111     0.040     0.059        50
         317      0.182     0.040     0.066        50
         318      0.169     0.240     0.198        50
         319      0.000     0.000     0.000        50
         320      0.317     0.260     0.286        50
         321      0.400     0.240     0.300        50
         322      0.282     0.440     0.344        50
         323      0.339     0.420     0.375        50
         324      0.190     0.620     0.291        50
         325      0.240     0.480     0.320        50
         326      0.227     0.100     0.139        50
         327      0.286     0.080     0.125        50
         328      0.163     0.160     0.162        50
         329      0.143     0.040     0.062        50
         330      0.174     0.080     0.110        50
         331      0.214     0.060     0.094        50
         332      0.034     0.020     0.025        50
         333      0.182     0.200     0.190        50
         334      0.167     0.040     0.065        50
         335      0.167     0.020     0.036        50
         336      0.077     0.220     0.115        50
         337      0.250     0.020     0.037        50
         338      0.154     0.160     0.157        50
         339      0.103     0.780     0.181        50
         340      0.109     0.520     0.180        50
         341      0.143     0.060     0.085        50
         342      0.000     0.000     0.000        50
         343      0.072     0.300     0.117        50
         344      0.115     0.320     0.169        50
         345      0.000     0.000     0.000        50
         346      0.100     0.020     0.033        50
         347      0.134     0.400     0.201        50
         348      0.182     0.040     0.066        50
         349      0.111     0.020     0.034        50
         350      0.100     0.100     0.100        50
         351      0.118     0.260     0.163        50
         352      0.171     0.260     0.206        50
         353      0.161     0.100     0.123        50
         354      0.133     0.040     0.062        50
         355      0.000     0.000     0.000        50
         356      0.000     0.000     0.000        50
         357      0.106     0.180     0.133        50
         358      0.125     0.020     0.034        50
         359      0.000     0.000     0.000        50
         360      0.000     0.000     0.000        50
         361      0.000     0.000     0.000        50
         362      0.150     0.240     0.185        50
         363      0.211     0.240     0.224        50
         364      0.077     0.060     0.067        50
         365      0.158     0.300     0.207        50
         366      0.192     0.200     0.196        50
         367      0.000     0.000     0.000        50
         368      0.125     0.180     0.148        50
         369      0.167     0.140     0.152        50
         370      0.121     0.080     0.096        50
         371      0.000     0.000     0.000        50
         372      0.000     0.000     0.000        50
         373      0.097     0.120     0.107        50
         374      0.000     0.000     0.000        50
         375      0.133     0.080     0.100        50
         376      0.182     0.540     0.273        50
         377      0.200     0.040     0.067        50
         378      0.105     0.120     0.112        50
         379      0.224     0.560     0.320        50
         380      0.125     0.040     0.061        50
         381      0.000     0.000     0.000        50
         382      0.103     0.320     0.155        50
         383      0.078     0.120     0.094        50
         384      0.115     0.060     0.079        50
         385      0.143     0.100     0.118        50
         386      0.134     0.300     0.185        50
         387      0.223     0.620     0.328        50
         388      0.224     0.440     0.297        50
         389      0.127     0.160     0.142        50
         390      0.091     0.020     0.033        50
         391      0.176     0.060     0.090        50
         392      0.800     0.480     0.600        50
         393      0.140     0.280     0.187        50
         394      0.136     0.060     0.083        50
         395      0.333     0.060     0.102        50
         396      0.250     0.320     0.281        50
         397      0.000     0.000     0.000        50
         398      0.000     0.000     0.000        50
         399      0.182     0.080     0.111        50
         400      0.066     0.100     0.079        50
         401      0.055     0.060     0.057        50
         402      0.000     0.000     0.000        50
         403      0.146     0.140     0.143        50
         404      0.148     0.500     0.228        50
         405      0.077     0.040     0.053        50
         406      0.129     0.180     0.150        50
         407      0.268     0.680     0.384        50
         408      0.000     0.000     0.000        50
         409      0.100     0.060     0.075        50
         410      0.000     0.000     0.000        50
         411      0.000     0.000     0.000        50
         412      0.167     0.040     0.065        50
         413      0.091     0.020     0.033        50
         414      0.018     0.040     0.025        50
         415      0.097     0.060     0.074        50
         416      0.077     0.140     0.099        50
         417      0.095     0.160     0.119        50
         418      0.135     0.200     0.161        50
         419      0.143     0.020     0.035        50
         420      0.000     0.000     0.000        50
         421      0.000     0.000     0.000        50
         422      0.323     0.200     0.247        50
         423      0.125     0.060     0.081        50
         424      0.000     0.000     0.000        50
         425      0.110     0.220     0.147        50
         426      0.059     0.140     0.083        50
         427      0.000     0.000     0.000        50
         428      0.000     0.000     0.000        50
         429      0.143     0.040     0.062        50
         430      0.062     0.400     0.107        50
         431      0.095     0.240     0.136        50
         432      0.077     0.020     0.032        50
         433      0.143     0.140     0.141        50
         434      0.000     0.000     0.000        50
         435      0.000     0.000     0.000        50
         436      0.038     0.180     0.063        50
         437      0.047     0.060     0.053        50
         438      0.000     0.000     0.000        50
         439      0.149     0.200     0.171        50
         440      0.000     0.000     0.000        50
         441      0.103     0.080     0.090        50
         442      0.118     0.160     0.136        50
         443      0.000     0.000     0.000        50
         444      0.043     0.020     0.027        50
         445      0.085     0.180     0.115        50
         446      0.105     0.040     0.058        50
         447      0.000     0.000     0.000        50
         448      0.000     0.000     0.000        50
         449      0.000     0.000     0.000        50
         450      0.085     0.120     0.099        50
         451      0.106     0.180     0.133        50
         452      0.000     0.000     0.000        50
         453      0.109     0.280     0.157        50
         454      0.300     0.060     0.100        50
         455      0.000     0.000     0.000        50
         456      0.000     0.000     0.000        50
         457      0.000     0.000     0.000        50
         458      0.093     0.460     0.154        50
         459      0.222     0.040     0.068        50
         460      0.098     0.160     0.121        50
         461      0.000     0.000     0.000        50
         462      0.000     0.000     0.000        50
         463      0.000     0.000     0.000        50
         464      0.000     0.000     0.000        50
         465      0.062     0.100     0.077        50
         466      0.174     0.320     0.225        50
         467      0.176     0.260     0.210        50
         468      0.148     0.160     0.154        50
         469      0.000     0.000     0.000        50
         470      0.053     0.020     0.029        50
         471      0.188     0.060     0.091        50
         472      0.261     0.360     0.303        50
         473      0.000     0.000     0.000        50
         474      0.000     0.000     0.000        50
         475      0.167     0.100     0.125        50
         476      0.061     0.300     0.101        50
         477      0.082     0.140     0.104        50
         478      0.071     0.100     0.083        50
         479      0.044     0.320     0.077        50
         480      0.087     0.080     0.083        50
         481      0.000     0.000     0.000        50
         482      0.250     0.040     0.069        50
         483      0.125     0.060     0.081        50
         484      0.145     0.200     0.168        50
         485      0.200     0.020     0.036        50
         486      0.095     0.280     0.141        50
         487      0.111     0.020     0.034        50
         488      0.000     0.000     0.000        50
         489      0.000     0.000     0.000        50
         490      0.062     0.020     0.030        50
         491      0.000     0.000     0.000        50
         492      0.059     0.020     0.030        50
         493      0.055     0.120     0.075        50
         494      0.000     0.000     0.000        50
         495      0.089     0.220     0.127        50
         496      0.101     0.340     0.156        50
         497      0.100     0.060     0.075        50
         498      0.051     0.040     0.045        50
         499      0.000     0.000     0.000        50
         500      0.113     0.180     0.138        50
         501      0.133     0.040     0.062        50
         502      0.000     0.000     0.000        50
         503      0.098     0.100     0.099        50
         504      0.071     0.020     0.031        50
         505      0.012     0.020     0.015        50
         506      0.000     0.000     0.000        50
         507      0.000     0.000     0.000        50
         508      0.000     0.000     0.000        50
         509      0.167     0.160     0.163        50
         510      0.167     0.260     0.203        50
         511      0.000     0.000     0.000        50
         512      0.070     0.100     0.083        50
         513      0.027     0.040     0.032        50
         514      0.000     0.000     0.000        50
         515      0.000     0.000     0.000        50
         516      0.111     0.020     0.034        50
         517      0.014     0.020     0.017        50
         518      0.111     0.020     0.034        50
         519      0.000     0.000     0.000        50
         520      0.096     0.220     0.133        50
         521      0.267     0.080     0.123        50
         522      0.128     0.100     0.112        50
         523      0.040     0.020     0.027        50
         524      0.091     0.020     0.033        50
         525      0.130     0.060     0.082        50
         526      0.033     0.060     0.042        50
         527      0.086     0.160     0.112        50
         528      0.045     0.020     0.028        50
         529      0.059     0.040     0.048        50
         530      0.068     0.100     0.081        50
         531      0.000     0.000     0.000        50
         532      0.094     0.100     0.097        50
         533      0.188     0.120     0.146        50
         534      0.120     0.060     0.080        50
         535      0.101     0.240     0.142        50
         536      0.000     0.000     0.000        50
         537      0.218     0.480     0.300        50
         538      0.040     0.060     0.048        50
         539      0.100     0.020     0.033        50
         540      0.172     0.100     0.127        50
         541      0.000     0.000     0.000        50
         542      0.000     0.000     0.000        50
         543      0.000     0.000     0.000        50
         544      0.000     0.000     0.000        50
         545      0.000     0.000     0.000        50
         546      0.000     0.000     0.000        50
         547      0.081     0.220     0.119        50
         548      0.083     0.820     0.151        50
         549      0.042     0.040     0.041        50
         550      0.159     0.340     0.217        50
         551      0.147     0.300     0.197        50
         552      0.217     0.100     0.137        50
         553      0.057     0.200     0.088        50
         554      0.210     0.340     0.260        50
         555      0.169     0.300     0.216        50
         556      0.029     0.060     0.039        50
         557      0.120     0.220     0.155        50
         558      0.000     0.000     0.000        50
         559      0.000     0.000     0.000        50
         560      0.021     0.060     0.031        50
         561      0.064     0.140     0.088        50
         562      0.000     0.000     0.000        50
         563      0.143     0.100     0.118        50
         564      0.096     0.160     0.120        50
         565      0.138     0.320     0.193        50
         566      0.091     0.020     0.033        50
         567      0.000     0.000     0.000        50
         568      0.042     0.040     0.041        50
         569      0.120     0.220     0.155        50
         570      0.000     0.000     0.000        50
         571      0.167     0.060     0.088        50
         572      0.000     0.000     0.000        50
         573      0.333     0.080     0.129        50
         574      0.077     0.140     0.099        50
         575      0.041     0.140     0.064        50
         576      0.245     0.240     0.242        50
         577      0.044     0.040     0.042        50
         578      0.059     0.020     0.030        50
         579      0.043     0.040     0.041        50
         580      0.130     0.180     0.151        50
         581      0.113     0.140     0.125        50
         582      0.138     0.080     0.101        50
         583      0.043     0.040     0.042        50
         584      0.043     0.120     0.063        50
         585      0.000     0.000     0.000        50
         586      0.160     0.260     0.198        50
         587      0.000     0.000     0.000        50
         588      0.083     0.020     0.032        50
         589      0.000     0.000     0.000        50
         590      0.176     0.060     0.090        50
         591      0.067     0.260     0.107        50
         592      0.120     0.060     0.080        50
         593      0.000     0.000     0.000        50
         594      0.154     0.080     0.105        50
         595      0.100     0.020     0.033        50
         596      0.000     0.000     0.000        50
         597      0.000     0.000     0.000        50
         598      0.080     0.280     0.124        50
         599      0.128     0.120     0.124        50
         600      0.000     0.000     0.000        50
         601      0.083     0.020     0.032        50
         602      0.091     0.060     0.072        50
         603      0.069     0.140     0.093        50
         604      0.211     0.080     0.116        50
         605      0.061     0.060     0.061        50
         606      0.333     0.040     0.071        50
         607      0.170     0.860     0.284        50
         608      0.180     0.180     0.180        50
         609      0.182     0.080     0.111        50
         610      0.000     0.000     0.000        50
         611      0.068     0.100     0.081        50
         612      0.150     0.380     0.215        50
         613      0.000     0.000     0.000        50
         614      0.000     0.000     0.000        50
         615      0.154     0.080     0.105        50
         616      0.000     0.000     0.000        50
         617      0.200     0.160     0.178        50
         618      0.000     0.000     0.000        50
         619      0.067     0.140     0.090        50
         620      0.000     0.000     0.000        50
         621      0.081     0.120     0.097        50
         622      0.015     0.020     0.017        50
         623      0.000     0.000     0.000        50
         624      0.083     0.020     0.032        50
         625      0.232     0.640     0.340        50
         626      0.000     0.000     0.000        50
         627      0.000     0.000     0.000        50
         628      0.143     0.260     0.184        50
         629      0.118     0.080     0.095        50
         630      0.000     0.000     0.000        50
         631      0.093     0.080     0.086        50
         632      0.200     0.060     0.092        50
         633      0.011     0.020     0.014        50
         634      0.054     0.040     0.046        50
         635      0.020     0.020     0.020        50
         636      0.333     0.060     0.102        50
         637      0.163     0.280     0.206        50
         638      0.000     0.000     0.000        50
         639      0.127     0.200     0.155        50
         640      0.112     0.640     0.191        50
         641      0.167     0.020     0.036        50
         642      0.000     0.000     0.000        50
         643      0.000     0.000     0.000        50
         644      0.118     0.180     0.143        50
         645      0.158     0.320     0.212        50
         646      0.312     0.200     0.244        50
         647      0.000     0.000     0.000        50
         648      0.067     0.340     0.112        50
         649      0.130     0.140     0.135        50
         650      0.000     0.000     0.000        50
         651      0.075     0.200     0.109        50
         652      0.097     0.140     0.115        50
         653      0.000     0.000     0.000        50
         654      0.000     0.000     0.000        50
         655      0.125     0.040     0.061        50
         656      0.115     0.060     0.079        50
         657      0.000     0.000     0.000        50
         658      0.167     0.020     0.036        50
         659      0.048     0.080     0.060        50
         660      0.051     0.100     0.067        50
         661      0.172     0.340     0.228        50
         662      0.056     0.020     0.029        50
         663      0.090     0.140     0.109        50
         664      0.052     0.120     0.073        50
         665      0.036     0.100     0.053        50
         666      0.000     0.000     0.000        50
         667      0.060     0.080     0.068        50
         668      0.132     0.140     0.136        50
         669      0.190     0.080     0.113        50
         670      0.154     0.040     0.063        50
         671      0.066     0.120     0.085        50
         672      0.143     0.060     0.085        50
         673      0.053     0.020     0.029        50
         674      0.022     0.020     0.021        50
         675      0.000     0.000     0.000        50
         676      0.000     0.000     0.000        50
         677      0.000     0.000     0.000        50
         678      0.000     0.000     0.000        50
         679      0.172     0.100     0.127        50
         680      0.600     0.060     0.109        50
         681      0.000     0.000     0.000        50
         682      0.183     0.300     0.227        50
         683      0.000     0.000     0.000        50
         684      0.500     0.020     0.038        50
         685      0.171     0.500     0.255        50
         686      0.000     0.000     0.000        50
         687      0.250     0.080     0.121        50
         688      0.121     0.360     0.181        50
         689      0.000     0.000     0.000        50
         690      0.073     0.280     0.116        50
         691      0.000     0.000     0.000        50
         692      0.250     0.020     0.037        50
         693      0.000     0.000     0.000        50
         694      0.177     0.280     0.217        50
         695      0.000     0.000     0.000        50
         696      0.000     0.000     0.000        50
         697      0.041     0.160     0.065        50
         698      0.165     0.260     0.202        50
         699      0.000     0.000     0.000        50
         700      0.000     0.000     0.000        50
         701      0.267     0.240     0.253        50
         702      0.000     0.000     0.000        50
         703      0.182     0.040     0.066        50
         704      0.098     0.080     0.088        50
         705      0.000     0.000     0.000        50
         706      0.061     0.160     0.088        50
         707      0.042     0.060     0.050        50
         708      0.000     0.000     0.000        50
         709      0.103     0.080     0.090        50
         710      0.000     0.000     0.000        50
         711      0.000     0.000     0.000        50
         712      0.333     0.020     0.038        50
         713      0.185     0.240     0.209        50
         714      0.000     0.000     0.000        50
         715      0.026     0.020     0.022        50
         716      0.317     0.260     0.286        50
         717      0.127     0.160     0.142        50
         718      0.103     0.060     0.076        50
         719      0.000     0.000     0.000        50
         720      0.043     0.060     0.050        50
         721      0.000     0.000     0.000        50
         722      0.000     0.000     0.000        50
         723      0.043     0.060     0.050        50
         724      0.126     0.300     0.178        50
         725      0.000     0.000     0.000        50
         726      0.067     0.040     0.050        50
         727      0.174     0.160     0.167        50
         728      0.000     0.000     0.000        50
         729      0.000     0.000     0.000        50
         730      0.057     0.040     0.047        50
         731      0.000     0.000     0.000        50
         732      0.059     0.140     0.083        50
         733      0.000     0.000     0.000        50
         734      0.231     0.180     0.202        50
         735      0.111     0.020     0.034        50
         736      0.165     0.280     0.207        50
         737      0.000     0.000     0.000        50
         738      0.108     0.160     0.129        50
         739      0.049     0.040     0.044        50
         740      0.000     0.000     0.000        50
         741      0.133     0.240     0.171        50
         742      0.053     0.020     0.029        50
         743      0.058     0.180     0.088        50
         744      0.000     0.000     0.000        50
         745      0.000     0.000     0.000        50
         746      0.258     0.500     0.340        50
         747      0.000     0.000     0.000        50
         748      0.000     0.000     0.000        50
         749      0.000     0.000     0.000        50
         750      0.000     0.000     0.000        50
         751      0.083     0.040     0.054        50
         752      0.118     0.180     0.143        50
         753      0.000     0.000     0.000        50
         754      0.000     0.000     0.000        50
         755      0.095     0.400     0.153        50
         756      0.119     0.140     0.128        50
         757      0.111     0.420     0.175        50
         758      0.000     0.000     0.000        50
         759      0.027     0.060     0.037        50
         760      0.231     0.060     0.095        50
         761      0.000     0.000     0.000        50
         762      0.030     0.020     0.024        50
         763      0.045     0.020     0.028        50
         764      0.000     0.000     0.000        50
         765      0.000     0.000     0.000        50
         766      0.132     0.100     0.114        50
         767      0.034     0.020     0.025        50
         768      0.080     0.420     0.134        50
         769      0.222     0.040     0.068        50
         770      0.057     0.040     0.047        50
         771      0.100     0.020     0.033        50
         772      0.000     0.000     0.000        50
         773      0.053     0.040     0.045        50
         774      0.024     0.020     0.022        50
         775      0.143     0.020     0.035        50
         776      0.000     0.000     0.000        50
         777      0.083     0.060     0.070        50
         778      0.000     0.000     0.000        50
         779      0.154     0.600     0.245        50
         780      0.261     0.360     0.303        50
         781      0.063     0.280     0.103        50
         782      0.069     0.040     0.051        50
         783      0.375     0.060     0.103        50
         784      0.031     0.020     0.024        50
         785      0.070     0.140     0.093        50
         786      0.000     0.000     0.000        50
         787      0.000     0.000     0.000        50
         788      0.000     0.000     0.000        50
         789      0.096     0.140     0.114        50
         790      0.000     0.000     0.000        50
         791      0.000     0.000     0.000        50
         792      0.000     0.000     0.000        50
         793      0.032     0.020     0.025        50
         794      0.052     0.060     0.056        50
         795      0.270     0.200     0.230        50
         796      0.000     0.000     0.000        50
         797      0.013     0.020     0.015        50
         798      0.123     0.160     0.139        50
         799      0.030     0.020     0.024        50
         800      0.216     0.420     0.286        50
         801      0.203     0.280     0.235        50
         802      0.213     0.200     0.206        50
         803      0.142     0.440     0.215        50
         804      0.000     0.000     0.000        50
         805      0.053     0.060     0.056        50
         806      0.000     0.000     0.000        50
         807      0.068     0.080     0.073        50
         808      0.091     0.020     0.033        50
         809      0.000     0.000     0.000        50
         810      0.058     0.100     0.074        50
         811      0.000     0.000     0.000        50
         812      0.143     0.060     0.085        50
         813      0.000     0.000     0.000        50
         814      0.134     0.320     0.189        50
         815      0.077     0.040     0.053        50
         816      0.000     0.000     0.000        50
         817      0.050     0.060     0.055        50
         818      0.042     0.060     0.049        50
         819      0.083     0.200     0.117        50
         820      0.145     0.240     0.180        50
         821      0.000     0.000     0.000        50
         822      0.037     0.040     0.038        50
         823      0.000     0.000     0.000        50
         824      0.000     0.000     0.000        50
         825      0.074     0.160     0.101        50
         826      0.000     0.000     0.000        50
         827      0.000     0.000     0.000        50
         828      0.000     0.000     0.000        50
         829      0.133     0.080     0.100        50
         830      0.000     0.000     0.000        50
         831      0.143     0.120     0.130        50
         832      0.125     0.180     0.148        50
         833      0.038     0.040     0.039        50
         834      0.068     0.140     0.092        50
         835      0.043     0.020     0.027        50
         836      0.000     0.000     0.000        50
         837      0.000     0.000     0.000        50
         838      0.000     0.000     0.000        50
         839      0.000     0.000     0.000        50
         840      0.000     0.000     0.000        50
         841      0.000     0.000     0.000        50
         842      0.061     0.040     0.048        50
         843      0.000     0.000     0.000        50
         844      0.000     0.000     0.000        50
         845      0.000     0.000     0.000        50
         846      0.190     0.080     0.113        50
         847      0.085     0.100     0.092        50
         848      0.071     0.060     0.065        50
         849      0.030     0.020     0.024        50
         850      0.000     0.000     0.000        50
         851      0.000     0.000     0.000        50
         852      0.214     0.060     0.094        50
         853      0.167     0.020     0.036        50
         854      0.215     0.400     0.280        50
         855      0.059     0.040     0.048        50
         856      0.170     0.300     0.217        50
         857      0.400     0.080     0.133        50
         858      0.111     0.080     0.093        50
         859      0.000     0.000     0.000        50
         860      0.105     0.080     0.091        50
         861      0.167     0.020     0.036        50
         862      0.040     0.040     0.040        50
         863      0.113     0.120     0.117        50
         864      0.182     0.040     0.066        50
         865      0.062     0.180     0.092        50
         866      0.126     0.220     0.161        50
         867      0.000     0.000     0.000        50
         868      0.000     0.000     0.000        50
         869      0.045     0.060     0.052        50
         870      0.100     0.040     0.057        50
         871      0.375     0.060     0.103        50
         872      0.043     0.020     0.027        50
         873      0.131     0.380     0.195        50
         874      0.186     0.320     0.235        50
         875      0.000     0.000     0.000        50
         876      0.000     0.000     0.000        50
         877      0.061     0.300     0.102        50
         878      0.086     0.120     0.100        50
         879      1.000     0.020     0.039        50
         880      0.038     0.040     0.039        50
         881      0.200     0.180     0.189        50
         882      0.000     0.000     0.000        50
         883      0.023     0.020     0.022        50
         884      0.174     0.160     0.167        50
         885      0.000     0.000     0.000        50
         886      0.098     0.380     0.156        50
         887      0.047     0.080     0.059        50
         888      0.075     0.100     0.085        50
         889      0.083     0.020     0.032        50
         890      0.043     0.100     0.060        50
         891      0.000     0.000     0.000        50
         892      0.061     0.040     0.048        50
         893      0.000     0.000     0.000        50
         894      0.130     0.140     0.135        50
         895      0.098     0.160     0.121        50
         896      0.000     0.000     0.000        50
         897      0.028     0.060     0.038        50
         898      0.067     0.020     0.031        50
         899      0.333     0.060     0.102        50
         900      0.211     0.380     0.271        50
         901      1.000     0.020     0.039        50
         902      1.000     0.040     0.077        50
         903      0.000     0.000     0.000        50
         904      0.200     0.080     0.114        50
         905      0.000     0.000     0.000        50
         906      0.071     0.020     0.031        50
         907      0.200     0.020     0.036        50
         908      0.136     0.120     0.128        50
         909      0.114     0.100     0.106        50
         910      0.000     0.000     0.000        50
         911      0.091     0.020     0.033        50
         912      0.119     0.100     0.109        50
         913      0.167     0.080     0.108        50
         914      0.267     0.160     0.200        50
         915      0.091     0.020     0.033        50
         916      0.227     0.580     0.326        50
         917      0.130     0.120     0.125        50
         918      0.101     0.160     0.124        50
         919      0.000     0.000     0.000        50
         920      0.182     0.040     0.066        50
         921      0.000     0.000     0.000        50
         922      0.085     0.140     0.106        50
         923      0.083     0.060     0.070        50
         924      0.096     0.260     0.141        50
         925      0.145     0.180     0.161        50
         926      0.067     0.040     0.050        50
         927      0.112     0.400     0.175        50
         928      0.000     0.000     0.000        50
         929      0.038     0.140     0.060        50
         930      0.109     0.100     0.104        50
         931      0.200     0.020     0.036        50
         932      0.092     0.160     0.117        50
         933      0.333     0.200     0.250        50
         934      0.100     0.160     0.123        50
         935      0.182     0.200     0.190        50
         936      0.094     0.180     0.123        50
         937      0.116     0.160     0.134        50
         938      0.391     0.180     0.247        50
         939      1.000     0.020     0.039        50
         940      0.400     0.040     0.073        50
         941      0.214     0.120     0.154        50
         942      0.060     0.120     0.080        50
         943      0.167     0.060     0.088        50
         944      0.062     0.140     0.086        50
         945      0.107     0.240     0.148        50
         946      0.321     0.680     0.436        50
         947      0.333     0.060     0.102        50
         948      0.383     0.360     0.371        50
         949      0.080     0.080     0.080        50
         950      0.191     0.360     0.250        50
         951      0.134     0.320     0.189        50
         952      0.111     0.040     0.059        50
         953      0.000     0.000     0.000        50
         954      0.065     0.040     0.049        50
         955      0.137     0.260     0.179        50
         956      0.000     0.000     0.000        50
         957      0.500     0.220     0.306        50
         958      0.117     0.180     0.142        50
         959      0.214     0.420     0.284        50
         960      0.055     0.080     0.065        50
         961      0.122     0.100     0.110        50
         962      0.157     0.160     0.158        50
         963      0.250     0.340     0.288        50
         964      0.195     0.160     0.176        50
         965      0.000     0.000     0.000        50
         966      0.037     0.020     0.026        50
         967      0.099     0.160     0.122        50
         968      0.000     0.000     0.000        50
         969      0.023     0.020     0.021        50
         970      0.198     0.380     0.260        50
         971      0.000     0.000     0.000        50
         972      0.125     0.060     0.081        50
         973      0.165     0.420     0.237        50
         974      0.423     0.440     0.431        50
         975      0.129     0.080     0.099        50
         976      0.152     0.280     0.197        50
         977      0.166     0.620     0.262        50
         978      0.143     0.020     0.035        50
         979      0.228     0.260     0.243        50
         980      0.429     0.120     0.188        50
         981      0.140     0.140     0.140        50
         982      0.000     0.000     0.000        50
         983      0.173     0.480     0.254        50
         984      0.592     0.840     0.694        50
         985      0.362     0.420     0.389        50
         986      0.586     0.820     0.683        50
         987      0.078     0.080     0.079        50
         988      0.167     0.020     0.036        50
         989      0.215     0.280     0.243        50
         990      0.200     0.120     0.150        50
         991      0.202     0.420     0.273        50
         992      0.279     0.480     0.353        50
         993      0.273     0.660     0.386        50
         994      0.092     0.140     0.111        50
         995      0.267     0.540     0.358        50
         996      0.233     0.200     0.215        50
         997      0.086     0.060     0.071        50
         998      0.083     0.020     0.032        50
         999      0.056     0.080     0.066        50

    accuracy                          0.116     50000
   macro avg      0.107     0.116     0.091     50000
weighted avg      0.107     0.116     0.091     50000
