Device: cuda
Loss: 3.2261
Accuracy: 28.74
Total time: 2.17s
Time per image: 0.22 ms/image

Classification report:
              precision    recall  f1-score   support

           0      0.482     0.660     0.557       100
           1      0.296     0.470     0.363       100
           2      0.269     0.350     0.304       100
           3      0.197     0.150     0.170       100
           4      0.257     0.090     0.133       100
           5      0.169     0.220     0.191       100
           6      0.349     0.440     0.389       100
           7      0.366     0.410     0.387       100
           8      0.181     0.150     0.164       100
           9      0.315     0.350     0.332       100
          10      0.211     0.040     0.067       100
          11      0.297     0.190     0.232       100
          12      0.210     0.210     0.210       100
          13      0.207     0.170     0.187       100
          14      0.136     0.080     0.101       100
          15      0.157     0.210     0.179       100
          16      0.200     0.070     0.104       100
          17      0.399     0.610     0.482       100
          18      0.311     0.230     0.264       100
          19      0.169     0.110     0.133       100
          20      0.281     0.560     0.375       100
          21      0.376     0.530     0.440       100
          22      0.250     0.070     0.109       100
          23      0.437     0.620     0.512       100
          24      0.361     0.690     0.474       100
          25      0.214     0.090     0.127       100
          26      0.214     0.060     0.094       100
          27      0.149     0.170     0.159       100
          28      0.250     0.210     0.228       100
          29      0.170     0.180     0.175       100
          30      0.252     0.300     0.274       100
          31      0.222     0.340     0.269       100
          32      0.364     0.040     0.072       100
          33      0.237     0.280     0.257       100
          34      0.252     0.300     0.274       100
          35      0.202     0.210     0.206       100
          36      0.276     0.320     0.296       100
          37      0.303     0.230     0.261       100
          38      0.150     0.180     0.164       100
          39      0.212     0.210     0.211       100
          40      0.071     0.020     0.031       100
          41      0.438     0.530     0.480       100
          42      0.225     0.320     0.264       100
          43      0.204     0.410     0.272       100
          44      0.090     0.060     0.072       100
          45      0.150     0.030     0.050       100
          46      0.274     0.200     0.231       100
          47      0.400     0.360     0.379       100
          48      0.305     0.290     0.297       100
          49      0.355     0.330     0.342       100
          50      0.042     0.010     0.016       100
          51      0.174     0.190     0.182       100
          52      0.443     0.700     0.543       100
          53      0.376     0.640     0.474       100
          54      0.385     0.470     0.423       100
          55      0.074     0.020     0.031       100
          56      0.361     0.390     0.375       100
          57      0.203     0.150     0.172       100
          58      0.257     0.280     0.268       100
          59      0.235     0.120     0.159       100
          60      0.554     0.720     0.626       100
          61      0.272     0.370     0.314       100
          62      0.419     0.570     0.483       100
          63      0.256     0.300     0.276       100
          64      0.099     0.070     0.082       100
          65      0.200     0.020     0.036       100
          66      0.161     0.140     0.150       100
          67      0.268     0.300     0.283       100
          68      0.483     0.730     0.582       100
          69      0.430     0.460     0.444       100
          70      0.390     0.320     0.352       100
          71      0.450     0.580     0.507       100
          72      0.064     0.030     0.041       100
          73      0.290     0.400     0.336       100
          74      0.117     0.090     0.102       100
          75      0.341     0.630     0.442       100
          76      0.386     0.540     0.450       100
          77      0.144     0.140     0.142       100
          78      0.082     0.050     0.062       100
          79      0.155     0.110     0.129       100
          80      0.036     0.010     0.016       100
          81      0.259     0.150     0.190       100
          82      0.581     0.750     0.655       100
          83      0.256     0.220     0.237       100
          84      0.138     0.080     0.101       100
          85      0.333     0.560     0.418       100
          86      0.287     0.490     0.362       100
          87      0.211     0.080     0.116       100
          88      0.233     0.340     0.276       100
          89      0.316     0.480     0.381       100
          90      0.312     0.200     0.244       100
          91      0.275     0.420     0.332       100
          92      0.220     0.090     0.128       100
          93      0.268     0.150     0.192       100
          94      0.315     0.460     0.374       100
          95      0.315     0.400     0.352       100
          96      0.317     0.330     0.324       100
          97      0.226     0.380     0.284       100
          98      0.141     0.110     0.124       100
          99      0.217     0.150     0.178       100

    accuracy                          0.287     10000
   macro avg      0.262     0.287     0.261     10000
weighted avg      0.262     0.287     0.261     10000


Hyperparameters:
d_model: 12
n_classes: 100
img_size: (32, 32)
patch_size: (4, 4)
n_channels: 3
n_heads: 4
n_layers: 12
batch_size: 100
alpha: 0.005
epochs: 30
