Device: cuda
Loss: 3.2744
Accuracy: 27.60
Total time: 1.89s
Time per image: 0.19 ms/image

Classification report:
              precision    recall  f1-score   support

           0      0.432     0.600     0.502       100
           1      0.327     0.330     0.328       100
           2      0.248     0.280     0.263       100
           3      0.164     0.120     0.139       100
           4      0.125     0.060     0.081       100
           5      0.145     0.110     0.125       100
           6      0.328     0.380     0.352       100
           7      0.244     0.320     0.277       100
           8      0.170     0.150     0.160       100
           9      0.316     0.370     0.341       100
          10      0.143     0.020     0.035       100
          11      0.254     0.150     0.189       100
          12      0.204     0.190     0.197       100
          13      0.227     0.200     0.213       100
          14      0.226     0.120     0.157       100
          15      0.178     0.180     0.179       100
          16      0.140     0.060     0.084       100
          17      0.396     0.590     0.474       100
          18      0.256     0.220     0.237       100
          19      0.185     0.150     0.166       100
          20      0.224     0.480     0.306       100
          21      0.346     0.550     0.425       100
          22      0.161     0.050     0.076       100
          23      0.433     0.580     0.496       100
          24      0.349     0.670     0.459       100
          25      0.220     0.090     0.128       100
          26      0.208     0.110     0.144       100
          27      0.126     0.110     0.118       100
          28      0.268     0.220     0.242       100
          29      0.196     0.180     0.188       100
          30      0.262     0.370     0.307       100
          31      0.243     0.350     0.287       100
          32      0.176     0.030     0.051       100
          33      0.256     0.310     0.281       100
          34      0.231     0.310     0.265       100
          35      0.133     0.120     0.126       100
          36      0.227     0.340     0.272       100
          37      0.233     0.200     0.215       100
          38      0.151     0.140     0.145       100
          39      0.190     0.230     0.208       100
          40      0.100     0.010     0.018       100
          41      0.467     0.570     0.514       100
          42      0.170     0.280     0.211       100
          43      0.201     0.430     0.274       100
          44      0.104     0.080     0.090       100
          45      0.214     0.030     0.053       100
          46      0.163     0.080     0.107       100
          47      0.347     0.340     0.343       100
          48      0.304     0.280     0.292       100
          49      0.354     0.340     0.347       100
          50      0.000     0.000     0.000       100
          51      0.133     0.160     0.145       100
          52      0.450     0.720     0.554       100
          53      0.393     0.700     0.504       100
          54      0.394     0.540     0.456       100
          55      0.000     0.000     0.000       100
          56      0.327     0.350     0.338       100
          57      0.321     0.270     0.293       100
          58      0.207     0.230     0.218       100
          59      0.281     0.160     0.204       100
          60      0.559     0.710     0.626       100
          61      0.227     0.340     0.272       100
          62      0.422     0.540     0.474       100
          63      0.201     0.320     0.247       100
          64      0.117     0.090     0.102       100
          65      0.059     0.010     0.017       100
          66      0.104     0.110     0.107       100
          67      0.265     0.300     0.282       100
          68      0.429     0.730     0.541       100
          69      0.302     0.350     0.324       100
          70      0.480     0.360     0.411       100
          71      0.459     0.560     0.505       100
          72      0.125     0.040     0.061       100
          73      0.279     0.290     0.284       100
          74      0.147     0.050     0.075       100
          75      0.348     0.560     0.429       100
          76      0.413     0.620     0.496       100
          77      0.207     0.120     0.152       100
          78      0.094     0.060     0.073       100
          79      0.205     0.090     0.125       100
          80      0.073     0.030     0.043       100
          81      0.164     0.090     0.116       100
          82      0.537     0.790     0.640       100
          83      0.243     0.270     0.256       100
          84      0.161     0.090     0.115       100
          85      0.386     0.490     0.432       100
          86      0.274     0.490     0.351       100
          87      0.229     0.080     0.119       100
          88      0.162     0.220     0.186       100
          89      0.256     0.440     0.324       100
          90      0.203     0.140     0.166       100
          91      0.259     0.380     0.308       100
          92      0.261     0.120     0.164       100
          93      0.169     0.130     0.147       100
          94      0.346     0.550     0.425       100
          95      0.305     0.430     0.357       100
          96      0.322     0.290     0.305       100
          97      0.218     0.320     0.259       100
          98      0.120     0.110     0.115       100
          99      0.286     0.280     0.283       100

    accuracy                          0.276     10000
   macro avg      0.247     0.276     0.249     10000
weighted avg      0.247     0.276     0.249     10000


Hyperparameters:
d_model: 12
n_classes: 100
img_size: (32, 32)
patch_size: (4, 4)
n_channels: 3
n_heads: 4
n_layers: 12
batch_size: 100
alpha: 0.005
epochs: 30
