Device: cuda
Loss: 2.7337
Accuracy: 42.05
Total time: 2.25s
Time per image: 0.22 ms/image

Classification report:
              precision    recall  f1-score   support

           0      0.490     0.760     0.596       100
           1      0.470     0.470     0.470       100
           2      0.333     0.320     0.327       100
           3      0.250     0.170     0.202       100
           4      0.231     0.210     0.220       100
           5      0.373     0.310     0.339       100
           6      0.535     0.540     0.537       100
           7      0.532     0.500     0.515       100
           8      0.369     0.410     0.389       100
           9      0.485     0.470     0.477       100
          10      0.319     0.150     0.204       100
          11      0.350     0.280     0.311       100
          12      0.382     0.390     0.386       100
          13      0.422     0.270     0.329       100
          14      0.415     0.170     0.241       100
          15      0.267     0.430     0.330       100
          16      0.475     0.380     0.422       100
          17      0.500     0.730     0.593       100
          18      0.526     0.300     0.382       100
          19      0.462     0.360     0.404       100
          20      0.603     0.700     0.648       100
          21      0.478     0.650     0.551       100
          22      0.270     0.200     0.230       100
          23      0.651     0.690     0.670       100
          24      0.538     0.640     0.584       100
          25      0.287     0.270     0.278       100
          26      0.382     0.290     0.330       100
          27      0.279     0.290     0.284       100
          28      0.449     0.570     0.502       100
          29      0.325     0.380     0.350       100
          30      0.457     0.430     0.443       100
          31      0.395     0.510     0.445       100
          32      0.419     0.360     0.387       100
          33      0.424     0.390     0.406       100
          34      0.406     0.410     0.408       100
          35      0.289     0.220     0.250       100
          36      0.433     0.450     0.441       100
          37      0.448     0.300     0.359       100
          38      0.277     0.280     0.279       100
          39      0.476     0.590     0.527       100
          40      0.312     0.250     0.278       100
          41      0.575     0.650     0.610       100
          42      0.354     0.400     0.376       100
          43      0.275     0.520     0.360       100
          44      0.229     0.190     0.208       100
          45      0.366     0.150     0.213       100
          46      0.294     0.250     0.270       100
          47      0.538     0.490     0.513       100
          48      0.559     0.660     0.606       100
          49      0.500     0.470     0.485       100
          50      0.306     0.190     0.235       100
          51      0.447     0.420     0.433       100
          52      0.443     0.780     0.565       100
          53      0.559     0.710     0.626       100
          54      0.600     0.570     0.585       100
          55      0.206     0.070     0.104       100
          56      0.560     0.560     0.560       100
          57      0.398     0.330     0.361       100
          58      0.479     0.450     0.464       100
          59      0.329     0.260     0.291       100
          60      0.580     0.830     0.683       100
          61      0.400     0.600     0.480       100
          62      0.504     0.600     0.548       100
          63      0.290     0.420     0.343       100
          64      0.215     0.230     0.222       100
          65      0.212     0.140     0.169       100
          66      0.269     0.210     0.236       100
          67      0.333     0.330     0.332       100
          68      0.694     0.770     0.730       100
          69      0.508     0.640     0.566       100
          70      0.465     0.460     0.462       100
          71      0.602     0.650     0.625       100
          72      0.216     0.110     0.146       100
          73      0.408     0.400     0.404       100
          74      0.296     0.210     0.246       100
          75      0.531     0.760     0.626       100
          76      0.587     0.710     0.643       100
          77      0.257     0.270     0.263       100
          78      0.333     0.290     0.310       100
          79      0.323     0.310     0.316       100
          80      0.326     0.150     0.205       100
          81      0.479     0.450     0.464       100
          82      0.745     0.790     0.767       100
          83      0.451     0.320     0.374       100
          84      0.411     0.230     0.295       100
          85      0.399     0.610     0.482       100
          86      0.357     0.500     0.417       100
          87      0.429     0.540     0.478       100
          88      0.376     0.410     0.392       100
          89      0.409     0.520     0.458       100
          90      0.370     0.270     0.312       100
          91      0.548     0.570     0.559       100
          92      0.318     0.140     0.194       100
          93      0.286     0.280     0.283       100
          94      0.514     0.730     0.603       100
          95      0.455     0.510     0.481       100
          96      0.379     0.360     0.369       100
          97      0.333     0.450     0.383       100
          98      0.217     0.230     0.223       100
          99      0.468     0.440     0.454       100

    accuracy                          0.420     10000
   macro avg      0.411     0.420     0.407     10000
weighted avg      0.411     0.420     0.407     10000


Hyperparameters:
d_model: 32
n_classes: 100
img_size: (32, 32)
patch_size: (4, 4)
n_channels: 3
n_heads: 4
n_layers: 12
batch_size: 100
alpha: 0.005
epochs: 30
