              precision    recall  f1-score   support

           0      0.851     0.800     0.825        50
           1      0.763     0.580     0.659        50
           2      0.600     0.600     0.600        50
           3      0.553     0.420     0.477        50
           4      0.431     0.440     0.436        50
           5      0.429     0.480     0.453        50
           6      0.325     0.260     0.289        50
           7      0.500     0.540     0.519        50
           8      0.377     0.580     0.457        50
           9      0.614     0.700     0.654        50
          10      0.600     0.540     0.568        50
          11      0.727     0.640     0.681        50
          12      0.464     0.520     0.491        50
          13      0.630     0.580     0.604        50
          14      0.724     0.840     0.778        50
          15      0.557     0.680     0.613        50
          16      0.439     0.500     0.467        50
          17      0.708     0.680     0.694        50
          18      0.433     0.520     0.473        50
          19      0.737     0.560     0.636        50
          20      0.652     0.600     0.625        50
          21      0.353     0.480     0.407        50
          22      0.627     0.640     0.634        50
          23      0.333     0.300     0.316        50
          24      0.600     0.720     0.655        50
          25      0.755     0.800     0.777        50
          26      0.436     0.340     0.382        50
          27      0.609     0.560     0.583        50
          28      0.500     0.420     0.457        50
          29      0.833     0.500     0.625        50
          30      0.413     0.380     0.396        50
          31      0.531     0.340     0.415        50
          32      0.242     0.160     0.193        50
          33      0.400     0.240     0.300        50
          34      0.243     0.340     0.283        50
          35      0.261     0.240     0.250        50
          36      0.190     0.080     0.113        50
          37      0.500     0.540     0.519        50
          38      0.351     0.260     0.299        50
          39      0.413     0.380     0.396        50
          40      0.328     0.400     0.360        50
          41      0.333     0.440     0.379        50
          42      0.352     0.500     0.413        50
          43      0.367     0.360     0.364        50
          44      0.125     0.140     0.132        50
          45      0.458     0.440     0.449        50
          46      0.200     0.120     0.150        50
          47      0.393     0.440     0.415        50
          48      0.343     0.460     0.393        50
          49      0.379     0.440     0.407        50
          50      0.200     0.200     0.200        50
          51      0.460     0.460     0.460        50
          52      0.349     0.440     0.389        50
          53      0.417     0.400     0.408        50
          54      0.220     0.220     0.220        50
          55      0.292     0.280     0.286        50
          56      0.460     0.460     0.460        50
          57      0.431     0.500     0.463        50
          58      0.219     0.140     0.171        50
          59      0.345     0.380     0.362        50
          60      0.240     0.120     0.160        50
          61      0.192     0.200     0.196        50
          62      0.400     0.080     0.133        50
          63      0.333     0.300     0.316        50
          64      0.240     0.240     0.240        50
          65      0.320     0.320     0.320        50
          66      0.216     0.160     0.184        50
          67      0.190     0.220     0.204        50
          68      0.222     0.160     0.186        50
          69      0.417     0.500     0.455        50
          70      0.351     0.540     0.425        50
          71      0.419     0.360     0.387        50
          72      0.610     0.720     0.661        50
          73      0.324     0.220     0.262        50
          74      0.409     0.360     0.383        50
          75      0.545     0.600     0.571        50
          76      0.535     0.460     0.495        50
          77      0.314     0.440     0.367        50
          78      0.406     0.520     0.456        50
          79      0.366     0.300     0.330        50
          80      0.745     0.760     0.752        50
          81      0.367     0.440     0.400        50
          82      0.448     0.520     0.481        50
          83      0.691     0.760     0.724        50
          84      0.667     0.600     0.632        50
          85      0.544     0.620     0.579        50
          86      0.583     0.420     0.488        50
          87      0.500     0.760     0.603        50
          88      0.717     0.660     0.688        50
          89      0.615     0.640     0.627        50
          90      0.646     0.840     0.730        50
          91      0.653     0.640     0.646        50
          92      0.594     0.760     0.667        50
          93      0.475     0.380     0.422        50
          94      0.585     0.620     0.602        50
          95      0.840     0.840     0.840        50
          96      0.744     0.580     0.652        50
          97      0.829     0.580     0.682        50
          98      0.787     0.740     0.763        50
          99      0.317     0.260     0.286        50
         100      0.600     0.840     0.700        50
         101      0.463     0.380     0.418        50
         102      0.532     0.840     0.651        50
         103      0.568     0.420     0.483        50
         104      0.225     0.180     0.200        50
         105      0.600     0.600     0.600        50
         106      0.333     0.300     0.316        50
         107      0.630     0.580     0.604        50
         108      0.500     0.400     0.444        50
         109      0.522     0.720     0.605        50
         110      0.551     0.540     0.545        50
         111      0.463     0.740     0.569        50
         112      0.417     0.200     0.270        50
         113      0.289     0.220     0.250        50
         114      0.250     0.180     0.209        50
         115      0.562     0.360     0.439        50
         116      0.429     0.300     0.353        50
         117      0.600     0.480     0.533        50
         118      0.400     0.320     0.356        50
         119      0.143     0.080     0.103        50
         120      0.424     0.280     0.337        50
         121      0.489     0.440     0.463        50
         122      0.605     0.520     0.559        50
         123      0.395     0.340     0.366        50
         124      0.143     0.040     0.062        50
         125      0.432     0.380     0.404        50
         126      0.364     0.080     0.131        50
         127      0.500     0.620     0.554        50
         128      0.559     0.380     0.452        50
         129      0.667     0.720     0.692        50
         130      0.760     0.760     0.760        50
         131      0.531     0.680     0.596        50
         132      0.517     0.620     0.564        50
         133      0.448     0.520     0.481        50
         134      0.339     0.380     0.358        50
         135      0.471     0.640     0.542        50
         136      0.854     0.700     0.769        50
         137      0.660     0.620     0.639        50
         138      0.384     0.660     0.485        50
         139      0.580     0.800     0.672        50
         140      0.500     0.420     0.457        50
         141      0.604     0.640     0.621        50
         142      0.443     0.700     0.543        50
         143      0.636     0.700     0.667        50
         144      0.423     0.440     0.431        50
         145      0.745     0.700     0.722        50
         146      0.596     0.620     0.608        50
         147      0.578     0.740     0.649        50
         148      0.696     0.780     0.736        50
         149      0.636     0.700     0.667        50
         150      0.450     0.360     0.400        50
         151      0.250     0.120     0.162        50
         152      0.719     0.460     0.561        50
         153      0.347     0.500     0.410        50
         154      0.367     0.360     0.364        50
         155      0.368     0.280     0.318        50
         156      0.595     0.500     0.543        50
         157      0.571     0.480     0.522        50
         158      0.423     0.220     0.289        50
         159      0.266     0.420     0.326        50
         160      0.400     0.480     0.436        50
         161      0.298     0.500     0.373        50
         162      0.288     0.380     0.328        50
         163      0.239     0.220     0.229        50
         164      0.375     0.420     0.396        50
         165      0.462     0.120     0.190        50
         166      0.368     0.280     0.318        50
         167      0.583     0.140     0.226        50
         168      0.304     0.280     0.292        50
         169      0.500     0.420     0.457        50
         170      0.205     0.180     0.191        50
         171      0.288     0.300     0.294        50
         172      0.296     0.480     0.366        50
         173      0.309     0.340     0.324        50
         174      0.393     0.440     0.415        50
         175      0.588     0.200     0.299        50
         176      0.269     0.280     0.275        50
         177      0.361     0.520     0.426        50
         178      0.462     0.600     0.522        50
         179      0.310     0.360     0.333        50
         180      0.310     0.180     0.228        50
         181      0.444     0.480     0.462        50
         182      0.354     0.460     0.400        50
         183      0.370     0.540     0.439        50
         184      0.214     0.240     0.226        50
         185      0.425     0.340     0.378        50
         186      0.190     0.160     0.174        50
         187      0.357     0.200     0.256        50
         188      0.444     0.240     0.312        50
         189      0.277     0.260     0.268        50
         190      0.750     0.480     0.585        50
         191      0.384     0.560     0.455        50
         192      0.375     0.360     0.367        50
         193      0.308     0.240     0.270        50
         194      0.472     0.340     0.395        50
         195      0.413     0.520     0.460        50
         196      0.375     0.360     0.367        50
         197      0.179     0.240     0.205        50
         198      0.451     0.460     0.455        50
         199      0.400     0.360     0.379        50
         200      0.145     0.160     0.152        50
         201      0.413     0.380     0.396        50
         202      0.209     0.280     0.239        50
         203      0.356     0.520     0.423        50
         204      0.333     0.260     0.292        50
         205      0.298     0.280     0.289        50
         206      0.284     0.380     0.325        50
         207      0.340     0.340     0.340        50
         208      0.413     0.380     0.396        50
         209      0.224     0.300     0.256        50
         210      0.464     0.520     0.491        50
         211      0.393     0.440     0.415        50
         212      0.243     0.180     0.207        50
         213      0.441     0.520     0.477        50
         214      0.349     0.440     0.389        50
         215      0.400     0.360     0.379        50
         216      0.596     0.680     0.636        50
         217      0.518     0.580     0.547        50
         218      0.533     0.640     0.582        50
         219      0.294     0.200     0.238        50
         220      0.500     0.340     0.405        50
         221      0.508     0.620     0.559        50
         222      0.417     0.200     0.270        50
         223      0.440     0.440     0.440        50
         224      0.333     0.220     0.265        50
         225      0.383     0.460     0.418        50
         226      0.277     0.260     0.268        50
         227      0.448     0.260     0.329        50
         228      0.466     0.680     0.553        50
         229      0.436     0.480     0.457        50
         230      0.328     0.380     0.352        50
         231      0.421     0.320     0.364        50
         232      0.377     0.400     0.388        50
         233      0.322     0.380     0.349        50
         234      0.365     0.460     0.407        50
         235      0.514     0.380     0.437        50
         236      0.291     0.500     0.368        50
         237      0.333     0.300     0.316        50
         238      0.316     0.360     0.336        50
         239      0.614     0.540     0.574        50
         240      0.122     0.120     0.121        50
         241      0.325     0.260     0.289        50
         242      0.365     0.460     0.407        50
         243      0.359     0.560     0.438        50
         244      0.708     0.680     0.694        50
         245      0.250     0.200     0.222        50
         246      0.156     0.140     0.147        50
         247      0.674     0.580     0.624        50
         248      0.438     0.280     0.341        50
         249      0.385     0.300     0.337        50
         250      0.500     0.300     0.375        50
         251      0.449     0.700     0.547        50
         252      0.615     0.320     0.421        50
         253      0.490     0.500     0.495        50
         254      0.500     0.500     0.500        50
         255      0.571     0.800     0.667        50
         256      0.279     0.240     0.258        50
         257      0.239     0.220     0.229        50
         258      0.398     0.660     0.496        50
         259      0.467     0.420     0.442        50
         260      0.763     0.580     0.659        50
         261      0.682     0.600     0.638        50
         262      0.517     0.300     0.380        50
         263      0.350     0.280     0.311        50
         264      0.391     0.180     0.247        50
         265      0.321     0.180     0.231        50
         266      0.225     0.320     0.264        50
         267      0.219     0.140     0.171        50
         268      0.657     0.460     0.541        50
         269      0.436     0.340     0.382        50
         270      0.418     0.460     0.438        50
         271      0.552     0.320     0.405        50
         272      0.321     0.360     0.340        50
         273      0.452     0.380     0.413        50
         274      0.585     0.620     0.602        50
         275      0.731     0.760     0.745        50
         276      0.492     0.600     0.541        50
         277      0.450     0.360     0.400        50
         278      0.444     0.400     0.421        50
         279      0.600     0.420     0.494        50
         280      0.513     0.400     0.449        50
         281      0.326     0.300     0.312        50
         282      0.217     0.100     0.137        50
         283      0.519     0.540     0.529        50
         284      0.515     0.680     0.586        50
         285      0.235     0.240     0.238        50
         286      0.595     0.500     0.543        50
         287      0.378     0.340     0.358        50
         288      0.410     0.500     0.450        50
         289      0.605     0.520     0.559        50
         290      0.511     0.480     0.495        50
         291      0.576     0.680     0.624        50
         292      0.492     0.600     0.541        50
         293      0.474     0.740     0.578        50
         294      0.500     0.700     0.583        50
         295      0.417     0.600     0.492        50
         296      0.761     0.700     0.729        50
         297      0.643     0.540     0.587        50
         298      0.341     0.280     0.308        50
         299      0.562     0.540     0.551        50
         300      0.673     0.740     0.705        50
         301      0.551     0.540     0.545        50
         302      0.552     0.320     0.405        50
         303      0.204     0.220     0.212        50
         304      0.462     0.360     0.404        50
         305      0.500     0.560     0.528        50
         306      0.643     0.540     0.587        50
         307      0.375     0.420     0.396        50
         308      0.357     0.300     0.326        50
         309      0.581     0.360     0.444        50
         310      0.368     0.140     0.203        50
         311      0.283     0.300     0.291        50
         312      0.235     0.160     0.190        50
         313      0.291     0.320     0.305        50
         314      0.250     0.200     0.222        50
         315      0.178     0.160     0.168        50
         316      0.288     0.420     0.341        50
         317      0.536     0.600     0.566        50
         318      0.590     0.460     0.517        50
         319      0.250     0.220     0.234        50
         320      0.538     0.700     0.609        50
         321      0.784     0.800     0.792        50
         322      0.698     0.740     0.718        50
         323      0.627     0.840     0.718        50
         324      0.778     0.840     0.808        50
         325      0.764     0.840     0.800        50
         326      0.565     0.700     0.625        50
         327      0.415     0.540     0.470        50
         328      0.479     0.460     0.469        50
         329      0.302     0.320     0.311        50
         330      0.446     0.500     0.472        50
         331      0.439     0.580     0.500        50
         332      0.581     0.500     0.538        50
         333      0.717     0.760     0.738        50
         334      0.312     0.500     0.385        50
         335      0.514     0.360     0.424        50
         336      0.353     0.600     0.444        50
         337      0.512     0.440     0.473        50
         338      0.455     0.400     0.426        50
         339      0.679     0.760     0.717        50
         340      0.745     0.820     0.781        50
         341      0.467     0.140     0.215        50
         342      0.406     0.260     0.317        50
         343      0.338     0.460     0.390        50
         344      0.526     0.600     0.561        50
         345      0.216     0.160     0.184        50
         346      0.333     0.400     0.364        50
         347      0.633     0.620     0.626        50
         348      0.246     0.280     0.262        50
         349      0.367     0.360     0.364        50
         350      0.500     0.480     0.490        50
         351      0.638     0.740     0.685        50
         352      0.525     0.620     0.569        50
         353      0.622     0.460     0.529        50
         354      0.406     0.560     0.471        50
         355      0.438     0.420     0.429        50
         356      0.407     0.220     0.286        50
         357      0.354     0.340     0.347        50
         358      0.371     0.260     0.306        50
         359      0.455     0.300     0.361        50
         360      0.300     0.300     0.300        50
         361      0.757     0.560     0.644        50
         362      0.679     0.720     0.699        50
         363      0.550     0.660     0.600        50
         364      0.630     0.580     0.604        50
         365      0.643     0.540     0.587        50
         366      0.458     0.440     0.449        50
         367      0.543     0.380     0.447        50
         368      0.610     0.500     0.549        50
         369      0.409     0.360     0.383        50
         370      0.565     0.520     0.542        50
         371      0.684     0.520     0.591        50
         372      0.578     0.520     0.547        50
         373      0.533     0.480     0.505        50
         374      0.471     0.320     0.381        50
         375      0.545     0.600     0.571        50
         376      0.772     0.880     0.822        50
         377      0.567     0.340     0.425        50
         378      0.679     0.380     0.487        50
         379      0.470     0.620     0.534        50
         380      0.522     0.240     0.329        50
         381      0.167     0.100     0.125        50
         382      0.551     0.540     0.545        50
         383      0.587     0.540     0.562        50
         384      0.886     0.620     0.729        50
         385      0.412     0.280     0.333        50
         386      0.371     0.520     0.433        50
         387      0.884     0.760     0.817        50
         388      0.914     0.640     0.753        50
         389      0.600     0.540     0.568        50
         390      0.390     0.320     0.352        50
         391      0.523     0.460     0.489        50
         392      0.902     0.920     0.911        50
         393      0.676     0.500     0.575        50
         394      0.425     0.340     0.378        50
         395      0.400     0.240     0.300        50
         396      0.757     0.560     0.644        50
         397      0.467     0.280     0.350        50
         398      0.409     0.360     0.383        50
         399      0.227     0.400     0.290        50
         400      0.278     0.400     0.328        50
         401      0.185     0.240     0.209        50
         402      0.267     0.240     0.253        50
         403      0.433     0.520     0.473        50
         404      0.472     0.680     0.557        50
         405      0.281     0.320     0.299        50
         406      0.288     0.380     0.328        50
         407      0.837     0.720     0.774        50
         408      0.480     0.240     0.320        50
         409      0.230     0.280     0.252        50
         410      0.329     0.460     0.383        50
         411      0.258     0.320     0.286        50
         412      0.292     0.280     0.286        50
         413      0.275     0.280     0.277        50
         414      0.233     0.200     0.215        50
         415      0.176     0.060     0.090        50
         416      0.358     0.480     0.410        50
         417      0.529     0.540     0.535        50
         418      0.293     0.340     0.315        50
         419      0.357     0.200     0.256        50
         420      0.270     0.200     0.230        50
         421      0.255     0.260     0.257        50
         422      0.333     0.460     0.387        50
         423      0.345     0.400     0.370        50
         424      0.143     0.220     0.173        50
         425      0.470     0.780     0.586        50
         426      0.415     0.440     0.427        50
         427      0.519     0.280     0.364        50
         428      0.194     0.140     0.163        50
         429      0.500     0.380     0.432        50
         430      0.620     0.620     0.620        50
         431      0.400     0.520     0.452        50
         432      0.227     0.300     0.259        50
         433      0.200     0.180     0.189        50
         434      0.367     0.220     0.275        50
         435      0.200     0.180     0.189        50
         436      0.288     0.300     0.294        50
         437      0.449     0.440     0.444        50
         438      0.161     0.100     0.123        50
         439      0.604     0.640     0.621        50
         440      0.391     0.180     0.247        50
         441      0.463     0.380     0.418        50
         442      0.328     0.440     0.376        50
         443      0.255     0.260     0.257        50
         444      0.321     0.520     0.397        50
         445      0.279     0.340     0.306        50
         446      0.208     0.220     0.214        50
         447      0.160     0.080     0.107        50
         448      0.383     0.360     0.371        50
         449      0.417     0.300     0.349        50
         450      0.380     0.380     0.380        50
         451      0.394     0.560     0.463        50
         452      0.206     0.140     0.167        50
         453      0.345     0.400     0.370        50
         454      0.189     0.140     0.161        50
         455      0.244     0.200     0.220        50
         456      0.185     0.100     0.130        50
         457      0.238     0.200     0.217        50
         458      0.432     0.760     0.551        50
         459      0.352     0.380     0.365        50
         460      0.200     0.320     0.246        50
         461      0.440     0.220     0.293        50
         462      0.256     0.220     0.237        50
         463      0.267     0.160     0.200        50
         464      0.095     0.080     0.087        50
         465      0.625     0.300     0.405        50
         466      0.636     0.700     0.667        50
         467      0.578     0.520     0.547        50
         468      0.415     0.340     0.374        50
         469      0.158     0.120     0.136        50
         470      0.333     0.160     0.216        50
         471      0.371     0.260     0.306        50
         472      0.594     0.760     0.667        50
         473      0.444     0.240     0.312        50
         474      0.373     0.380     0.376        50
         475      0.576     0.680     0.624        50
         476      0.743     0.520     0.612        50
         477      0.233     0.280     0.255        50
         478      0.164     0.200     0.180        50
         479      0.314     0.320     0.317        50
         480      0.232     0.320     0.269        50
         481      0.069     0.040     0.051        50
         482      0.222     0.160     0.186        50
         483      0.333     0.400     0.364        50
         484      0.383     0.460     0.418        50
         485      0.200     0.240     0.218        50
         486      0.442     0.460     0.451        50
         487      0.333     0.380     0.355        50
         488      0.167     0.060     0.088        50
         489      0.213     0.200     0.206        50
         490      0.284     0.420     0.339        50
         491      0.345     0.380     0.362        50
         492      0.283     0.340     0.309        50
         493      0.429     0.180     0.254        50
         494      0.080     0.040     0.053        50
         495      0.410     0.500     0.450        50
         496      0.438     0.560     0.491        50
         497      0.300     0.240     0.267        50
         498      0.218     0.380     0.277        50
         499      0.167     0.060     0.088        50
         500      0.706     0.720     0.713        50
         501      0.163     0.160     0.162        50
         502      0.182     0.120     0.145        50
         503      0.314     0.220     0.259        50
         504      0.115     0.140     0.126        50
         505      0.186     0.160     0.172        50
         506      0.333     0.240     0.279        50
         507      0.163     0.140     0.151        50
         508      0.277     0.360     0.313        50
         509      0.440     0.220     0.293        50
         510      0.549     0.560     0.554        50
         511      0.301     0.440     0.358        50
         512      0.320     0.320     0.320        50
         513      0.231     0.120     0.158        50
         514      0.246     0.280     0.262        50
         515      0.158     0.120     0.136        50
         516      0.188     0.060     0.091        50
         517      0.312     0.480     0.378        50
         518      0.511     0.480     0.495        50
         519      0.286     0.160     0.205        50
         520      0.419     0.360     0.387        50
         521      0.305     0.360     0.330        50
         522      0.364     0.480     0.414        50
         523      0.062     0.080     0.070        50
         524      0.281     0.180     0.220        50
         525      0.365     0.380     0.373        50
         526      0.197     0.300     0.238        50
         527      0.200     0.340     0.252        50
         528      0.284     0.380     0.325        50
         529      0.348     0.320     0.333        50
         530      0.279     0.480     0.353        50
         531      0.111     0.040     0.059        50
         532      0.373     0.440     0.404        50
         533      0.343     0.700     0.461        50
         534      0.172     0.320     0.224        50
         535      0.375     0.420     0.396        50
         536      0.273     0.240     0.255        50
         537      0.643     0.720     0.679        50
         538      0.312     0.400     0.351        50
         539      0.163     0.320     0.216        50
         540      0.486     0.680     0.567        50
         541      0.200     0.080     0.114        50
         542      0.300     0.120     0.171        50
         543      0.150     0.060     0.086        50
         544      0.289     0.440     0.349        50
         545      0.224     0.340     0.270        50
         546      0.269     0.140     0.184        50
         547      0.638     0.740     0.685        50
         548      0.488     0.840     0.618        50
         549      0.169     0.220     0.191        50
         550      0.675     0.540     0.600        50
         551      0.328     0.380     0.352        50
         552      0.359     0.280     0.315        50
         553      0.351     0.520     0.419        50
         554      0.667     0.680     0.673        50
         555      0.469     0.600     0.526        50
         556      0.254     0.340     0.291        50
         557      0.400     0.520     0.452        50
         558      0.083     0.040     0.054        50
         559      0.246     0.340     0.286        50
         560      0.604     0.640     0.621        50
         561      0.441     0.520     0.477        50
         562      0.435     0.400     0.417        50
         563      0.340     0.320     0.330        50
         564      0.400     0.600     0.480        50
         565      0.634     0.900     0.744        50
         566      0.202     0.380     0.264        50
         567      0.379     0.220     0.278        50
         568      0.391     0.180     0.247        50
         569      0.547     0.580     0.563        50
         570      0.214     0.120     0.154        50
         571      0.362     0.420     0.389        50
         572      0.455     0.300     0.361        50
         573      0.519     0.540     0.529        50
         574      0.425     0.340     0.378        50
         575      0.429     0.300     0.353        50
         576      0.783     0.720     0.750        50
         577      0.431     0.500     0.463        50
         578      0.279     0.240     0.258        50
         579      0.298     0.340     0.318        50
         580      0.411     0.460     0.434        50
         581      0.429     0.540     0.478        50
         582      0.333     0.340     0.337        50
         583      0.321     0.340     0.330        50
         584      0.132     0.140     0.136        50
         585      0.200     0.020     0.036        50
         586      0.511     0.480     0.495        50
         587      0.143     0.060     0.085        50
         588      0.321     0.360     0.340        50
         589      0.147     0.100     0.119        50
         590      0.294     0.300     0.297        50
         591      0.405     0.340     0.370        50
         592      0.290     0.360     0.321        50
         593      0.238     0.200     0.217        50
         594      0.241     0.560     0.337        50
         595      0.511     0.460     0.484        50
         596      0.267     0.080     0.123        50
         597      0.312     0.300     0.306        50
         598      0.278     0.500     0.357        50
         599      0.317     0.260     0.286        50
         600      0.048     0.020     0.028        50
         601      0.333     0.400     0.364        50
         602      0.255     0.240     0.247        50
         603      0.269     0.420     0.328        50
         604      0.581     0.500     0.538        50
         605      0.159     0.260     0.197        50
         606      0.361     0.260     0.302        50
         607      0.642     0.860     0.735        50
         608      0.512     0.440     0.473        50
         609      0.357     0.400     0.377        50
         610      0.375     0.600     0.462        50
         611      0.200     0.320     0.246        50
         612      0.328     0.760     0.458        50
         613      0.242     0.300     0.268        50
         614      0.359     0.460     0.404        50
         615      0.615     0.320     0.421        50
         616      0.217     0.200     0.208        50
         617      0.380     0.600     0.465        50
         618      0.062     0.020     0.030        50
         619      0.193     0.220     0.206        50
         620      0.114     0.100     0.106        50
         621      0.424     0.560     0.483        50
         622      0.245     0.240     0.242        50
         623      0.172     0.100     0.127        50
         624      0.271     0.380     0.317        50
         625      0.672     0.780     0.722        50
         626      0.095     0.040     0.056        50
         627      0.277     0.360     0.313        50
         628      0.463     0.620     0.530        50
         629      0.529     0.360     0.429        50
         630      0.333     0.460     0.387        50
         631      0.406     0.260     0.317        50
         632      0.184     0.360     0.243        50
         633      0.071     0.020     0.031        50
         634      0.275     0.280     0.277        50
         635      0.225     0.180     0.200        50
         636      0.378     0.340     0.358        50
         637      0.571     0.400     0.471        50
         638      0.091     0.080     0.085        50
         639      0.272     0.440     0.336        50
         640      0.481     0.780     0.595        50
         641      0.302     0.260     0.280        50
         642      0.371     0.460     0.411        50
         643      0.130     0.060     0.082        50
         644      0.281     0.320     0.299        50
         645      0.433     0.840     0.571        50
         646      0.455     0.600     0.517        50
         647      0.367     0.220     0.275        50
         648      0.364     0.320     0.340        50
         649      0.373     0.500     0.427        50
         650      0.195     0.160     0.176        50
         651      0.179     0.200     0.189        50
         652      0.155     0.260     0.194        50
         653      0.360     0.180     0.240        50
         654      0.438     0.420     0.429        50
         655      0.234     0.220     0.227        50
         656      0.269     0.140     0.184        50
         657      0.308     0.080     0.127        50
         658      0.280     0.280     0.280        50
         659      0.388     0.660     0.489        50
         660      0.288     0.340     0.312        50
         661      0.472     0.680     0.557        50
         662      0.226     0.140     0.173        50
         663      0.250     0.120     0.162        50
         664      0.132     0.100     0.114        50
         665      0.265     0.260     0.263        50
         666      0.255     0.240     0.247        50
         667      0.286     0.240     0.261        50
         668      0.431     0.440     0.436        50
         669      0.600     0.600     0.600        50
         670      0.469     0.300     0.366        50
         671      0.333     0.460     0.387        50
         672      0.341     0.560     0.424        50
         673      0.073     0.080     0.076        50
         674      0.159     0.200     0.177        50
         675      0.353     0.120     0.179        50
         676      0.071     0.020     0.031        50
         677      0.281     0.180     0.220        50
         678      0.263     0.200     0.227        50
         679      0.390     0.600     0.472        50
         680      0.529     0.360     0.429        50
         681      0.163     0.300     0.211        50
         682      0.348     0.640     0.451        50
         683      0.237     0.280     0.257        50
         684      0.375     0.360     0.367        50
         685      0.635     0.800     0.708        50
         686      0.080     0.040     0.053        50
         687      0.354     0.580     0.439        50
         688      0.382     0.780     0.513        50
         689      0.333     0.160     0.216        50
         690      0.360     0.360     0.360        50
         691      0.148     0.080     0.104        50
         692      0.121     0.080     0.096        50
         693      0.488     0.400     0.440        50
         694      0.524     0.440     0.478        50
         695      0.433     0.260     0.325        50
         696      0.250     0.040     0.069        50
         697      0.219     0.320     0.260        50
         698      0.346     0.560     0.427        50
         699      0.370     0.400     0.385        50
         700      0.250     0.060     0.097        50
         701      0.579     0.660     0.617        50
         702      0.362     0.340     0.351        50
         703      0.232     0.320     0.269        50
         704      0.289     0.220     0.250        50
         705      0.222     0.200     0.211        50
         706      0.295     0.260     0.277        50
         707      0.344     0.440     0.386        50
         708      0.235     0.240     0.238        50
         709      0.242     0.300     0.268        50
         710      0.107     0.060     0.077        50
         711      0.278     0.100     0.147        50
         712      0.281     0.180     0.220        50
         713      0.538     0.700     0.609        50
         714      0.258     0.320     0.286        50
         715      0.514     0.720     0.600        50
         716      0.395     0.600     0.476        50
         717      0.528     0.380     0.442        50
         718      0.261     0.360     0.303        50
         719      0.457     0.420     0.438        50
         720      0.619     0.260     0.366        50
         721      0.203     0.240     0.220        50
         722      0.474     0.540     0.505        50
         723      0.413     0.380     0.396        50
         724      0.667     0.520     0.584        50
         725      0.184     0.140     0.159        50
         726      0.386     0.440     0.411        50
         727      0.435     0.600     0.504        50
         728      0.222     0.040     0.068        50
         729      0.200     0.080     0.114        50
         730      0.253     0.480     0.331        50
         731      0.214     0.060     0.094        50
         732      0.343     0.480     0.400        50
         733      0.235     0.160     0.190        50
         734      0.542     0.640     0.587        50
         735      0.362     0.340     0.351        50
         736      0.431     0.500     0.463        50
         737      0.444     0.240     0.312        50
         738      0.308     0.560     0.397        50
         739      0.511     0.480     0.495        50
         740      0.000     0.000     0.000        50
         741      0.243     0.360     0.290        50
         742      0.188     0.240     0.211        50
         743      0.333     0.280     0.304        50
         744      0.333     0.120     0.176        50
         745      0.367     0.360     0.364        50
         746      0.542     0.780     0.639        50
         747      0.171     0.120     0.141        50
         748      0.098     0.080     0.088        50
         749      0.133     0.080     0.100        50
         750      0.323     0.420     0.365        50
         751      0.407     0.480     0.440        50
         752      0.348     0.460     0.397        50
         753      0.306     0.380     0.339        50
         754      0.049     0.040     0.044        50
         755      0.461     0.700     0.556        50
         756      0.429     0.480     0.453        50
         757      0.684     0.520     0.591        50
         758      0.467     0.140     0.215        50
         759      0.333     0.400     0.364        50
         760      0.421     0.320     0.364        50
         761      0.273     0.300     0.286        50
         762      0.162     0.120     0.138        50
         763      0.455     0.500     0.476        50
         764      0.125     0.060     0.081        50
         765      0.154     0.120     0.135        50
         766      0.479     0.460     0.469        50
         767      0.160     0.080     0.107        50
         768      0.667     0.520     0.584        50
         769      0.246     0.280     0.262        50
         770      0.449     0.440     0.444        50
         771      0.353     0.480     0.407        50
         772      0.161     0.100     0.123        50
         773      0.273     0.120     0.167        50
         774      0.170     0.160     0.165        50
         775      0.208     0.200     0.204        50
         776      0.159     0.260     0.197        50
         777      0.253     0.400     0.310        50
         778      0.174     0.080     0.110        50
         779      0.530     0.700     0.603        50
         780      0.627     0.740     0.679        50
         781      0.296     0.680     0.412        50
         782      0.167     0.120     0.140        50
         783      0.583     0.560     0.571        50
         784      0.100     0.040     0.057        50
         785      0.297     0.440     0.355        50
         786      0.154     0.120     0.135        50
         787      0.080     0.080     0.080        50
         788      0.200     0.120     0.150        50
         789      0.466     0.540     0.500        50
         790      0.282     0.220     0.247        50
         791      0.211     0.320     0.254        50
         792      0.160     0.080     0.107        50
         793      0.162     0.240     0.194        50
         794      0.225     0.180     0.200        50
         795      0.448     0.600     0.513        50
         796      0.286     0.320     0.302        50
         797      0.123     0.160     0.139        50
         798      0.302     0.320     0.311        50
         799      0.182     0.240     0.207        50
         800      0.478     0.660     0.555        50
         801      0.595     0.500     0.543        50
         802      0.567     0.680     0.618        50
         803      0.640     0.640     0.640        50
         804      0.071     0.040     0.051        50
         805      0.222     0.160     0.186        50
         806      0.200     0.200     0.200        50
         807      0.260     0.380     0.309        50
         808      0.211     0.240     0.224        50
         809      0.170     0.160     0.165        50
         810      0.360     0.360     0.360        50
         811      0.160     0.160     0.160        50
         812      0.641     0.500     0.562        50
         813      0.000     0.000     0.000        50
         814      0.571     0.640     0.604        50
         815      0.342     0.260     0.295        50
         816      0.364     0.240     0.289        50
         817      0.283     0.260     0.271        50
         818      0.182     0.160     0.170        50
         819      0.221     0.380     0.279        50
         820      0.587     0.540     0.562        50
         821      0.304     0.420     0.353        50
         822      0.167     0.200     0.182        50
         823      0.219     0.140     0.171        50
         824      0.269     0.140     0.184        50
         825      0.314     0.440     0.367        50
         826      0.367     0.220     0.275        50
         827      0.147     0.100     0.119        50
         828      0.188     0.180     0.184        50
         829      0.375     0.600     0.462        50
         830      0.000     0.000     0.000        50
         831      0.292     0.380     0.330        50
         832      0.700     0.560     0.622        50
         833      0.299     0.400     0.342        50
         834      0.178     0.320     0.229        50
         835      0.176     0.180     0.178        50
         836      0.125     0.040     0.061        50
         837      0.143     0.060     0.085        50
         838      0.125     0.040     0.061        50
         839      0.129     0.160     0.143        50
         840      0.364     0.400     0.381        50
         841      0.269     0.140     0.184        50
         842      0.309     0.340     0.324        50
         843      0.186     0.320     0.235        50
         844      0.180     0.180     0.180        50
         845      0.143     0.040     0.062        50
         846      0.310     0.440     0.364        50
         847      0.463     0.380     0.418        50
         848      0.182     0.240     0.207        50
         849      0.315     0.340     0.327        50
         850      0.463     0.500     0.481        50
         851      0.204     0.200     0.202        50
         852      0.592     0.580     0.586        50
         853      0.438     0.560     0.491        50
         854      0.493     0.680     0.571        50
         855      0.200     0.240     0.218        50
         856      0.588     0.400     0.476        50
         857      0.262     0.320     0.288        50
         858      0.293     0.340     0.315        50
         859      0.311     0.280     0.295        50
         860      0.169     0.200     0.183        50
         861      0.213     0.260     0.234        50
         862      0.361     0.260     0.302        50
         863      0.422     0.540     0.474        50
         864      0.185     0.100     0.130        50
         865      0.311     0.280     0.295        50
         866      0.373     0.440     0.404        50
         867      0.286     0.400     0.333        50
         868      0.159     0.220     0.185        50
         869      0.354     0.340     0.347        50
         870      0.242     0.320     0.276        50
         871      0.426     0.460     0.442        50
         872      0.262     0.220     0.239        50
         873      0.440     0.800     0.567        50
         874      0.544     0.620     0.579        50
         875      0.167     0.200     0.182        50
         876      0.160     0.080     0.107        50
         877      0.268     0.380     0.314        50
         878      0.305     0.360     0.330        50
         879      0.097     0.060     0.074        50
         880      0.218     0.380     0.277        50
         881      0.353     0.480     0.407        50
         882      0.132     0.180     0.153        50
         883      0.167     0.160     0.163        50
         884      0.459     0.560     0.505        50
         885      0.083     0.020     0.032        50
         886      0.394     0.560     0.463        50
         887      0.183     0.260     0.215        50
         888      0.455     0.500     0.476        50
         889      0.226     0.140     0.173        50
         890      0.492     0.600     0.541        50
         891      0.270     0.200     0.230        50
         892      0.153     0.360     0.214        50
         893      0.107     0.120     0.113        50
         894      0.241     0.520     0.329        50
         895      0.421     0.480     0.449        50
         896      0.340     0.360     0.350        50
         897      0.228     0.460     0.305        50
         898      0.417     0.100     0.161        50
         899      0.100     0.020     0.033        50
         900      0.571     0.800     0.667        50
         901      0.588     0.400     0.476        50
         902      0.320     0.160     0.213        50
         903      0.438     0.420     0.429        50
         904      0.356     0.420     0.385        50
         905      0.195     0.300     0.236        50
         906      0.250     0.140     0.179        50
         907      0.389     0.140     0.206        50
         908      0.364     0.240     0.289        50
         909      0.261     0.240     0.250        50
         910      0.250     0.100     0.143        50
         911      0.292     0.140     0.189        50
         912      0.357     0.400     0.377        50
         913      0.312     0.200     0.244        50
         914      0.634     0.520     0.571        50
         915      0.478     0.440     0.458        50
         916      0.530     0.880     0.662        50
         917      0.246     0.340     0.286        50
         918      0.416     0.640     0.504        50
         919      0.310     0.360     0.333        50
         920      0.391     0.540     0.454        50
         921      0.284     0.380     0.325        50
         922      0.423     0.600     0.496        50
         923      0.170     0.180     0.175        50
         924      0.424     0.500     0.459        50
         925      0.500     0.400     0.444        50
         926      0.500     0.420     0.457        50
         927      0.653     0.640     0.646        50
         928      0.294     0.200     0.238        50
         929      0.209     0.180     0.194        50
         930      0.275     0.220     0.244        50
         931      0.333     0.340     0.337        50
         932      0.385     0.400     0.392        50
         933      0.667     0.600     0.632        50
         934      0.400     0.400     0.400        50
         935      0.543     0.380     0.447        50
         936      0.581     0.500     0.538        50
         937      0.471     0.660     0.550        50
         938      0.707     0.580     0.637        50
         939      0.349     0.440     0.389        50
         940      0.526     0.600     0.561        50
         941      0.436     0.340     0.382        50
         942      0.481     0.500     0.490        50
         943      0.286     0.200     0.235        50
         944      0.650     0.520     0.578        50
         945      0.568     0.500     0.532        50
         946      0.786     0.880     0.830        50
         947      0.414     0.240     0.304        50
         948      0.547     0.700     0.614        50
         949      0.500     0.360     0.419        50
         950      0.553     0.520     0.536        50
         951      0.531     0.520     0.525        50
         952      0.654     0.340     0.447        50
         953      0.562     0.360     0.439        50
         954      0.486     0.360     0.414        50
         955      0.525     0.620     0.569        50
         956      0.706     0.480     0.571        50
         957      0.660     0.620     0.639        50
         958      0.239     0.560     0.335        50
         959      0.565     0.700     0.625        50
         960      0.250     0.240     0.245        50
         961      0.229     0.160     0.188        50
         962      0.383     0.460     0.418        50
         963      0.418     0.660     0.512        50
         964      0.412     0.280     0.333        50
         965      0.500     0.220     0.306        50
         966      0.316     0.240     0.273        50
         967      0.356     0.420     0.385        50
         968      0.171     0.120     0.141        50
         969      0.233     0.200     0.215        50
         970      0.489     0.440     0.463        50
         971      0.250     0.120     0.162        50
         972      0.357     0.300     0.326        50
         973      0.396     0.420     0.408        50
         974      0.809     0.760     0.784        50
         975      0.281     0.180     0.220        50
         976      0.420     0.420     0.420        50
         977      0.403     0.580     0.475        50
         978      0.314     0.320     0.317        50
         979      0.510     0.500     0.505        50
         980      0.585     0.480     0.527        50
         981      0.433     0.580     0.496        50
         982      0.369     0.480     0.417        50
         983      0.500     0.560     0.528        50
         984      0.807     0.920     0.860        50
         985      0.742     0.920     0.821        50
         986      0.831     0.980     0.899        50
         987      0.286     0.200     0.235        50
         988      0.649     0.480     0.552        50
         989      0.652     0.600     0.625        50
         990      0.560     0.560     0.560        50
         991      0.820     0.820     0.820        50
         992      0.609     0.780     0.684        50
         993      0.678     0.800     0.734        50
         994      0.696     0.640     0.667        50
         995      0.636     0.840     0.724        50
         996      0.600     0.420     0.494        50
         997      0.474     0.540     0.505        50
         998      0.356     0.320     0.337        50
         999      0.125     0.080     0.098        50

    accuracy                          0.390     50000
   macro avg      0.390     0.390     0.380     50000
weighted avg      0.390     0.390     0.380     50000
